{
 "cells": [
  {
   "cell_type": "markdown",
   "metadata": {},
   "source": [
    "# Plot the eigenvalues of the two particle hamiltonian and von Neumann entropy"
   ]
  },
  {
   "cell_type": "code",
   "execution_count": 1,
   "metadata": {},
   "outputs": [
    {
     "name": "stderr",
     "output_type": "stream",
     "text": [
      "<>:70: SyntaxWarning: invalid escape sequence '\\l'\n",
      "<>:77: SyntaxWarning: invalid escape sequence '\\l'\n",
      "<>:70: SyntaxWarning: invalid escape sequence '\\l'\n",
      "<>:77: SyntaxWarning: invalid escape sequence '\\l'\n",
      "C:\\Users\\Markus\\AppData\\Local\\Temp\\ipykernel_7476\\1473392727.py:70: SyntaxWarning: invalid escape sequence '\\l'\n",
      "  plt.xlabel('$\\lambda$', fontsize = 12)\n",
      "C:\\Users\\Markus\\AppData\\Local\\Temp\\ipykernel_7476\\1473392727.py:77: SyntaxWarning: invalid escape sequence '\\l'\n",
      "  plt.xlabel('$\\lambda$', fontsize = 12)\n",
      "c:\\Users\\Markus\\AppData\\Local\\Programs\\Python\\Python312\\Lib\\site-packages\\scipy\\linalg\\_matfuncs.py:204: LogmExactlySingularWarning: The logm input matrix is exactly singular.\n",
      "  F = scipy.linalg._matfuncs_inv_ssq._logm(A)\n",
      "C:\\Users\\Markus\\AppData\\Local\\Temp\\ipykernel_7476\\1473392727.py:61: DeprecationWarning: Conversion of an array with ndim > 0 to a scalar is deprecated, and will error in future. Ensure you extract a single element from your array before performing this operation. (Deprecated NumPy 1.25.)\n",
      "  Entropy[i] = -np.matrix.trace(total @ log2M(total))\n"
     ]
    },
    {
     "name": "stdout",
     "output_type": "stream",
     "text": [
      "Density Matrix [[ 9.99999995e-01 -0.00000000e+00 -0.00000000e+00 -7.14464323e-05]\n",
      " [-0.00000000e+00  0.00000000e+00  0.00000000e+00  0.00000000e+00]\n",
      " [-0.00000000e+00  0.00000000e+00  0.00000000e+00  0.00000000e+00]\n",
      " [-7.14464323e-05  0.00000000e+00  0.00000000e+00  5.10459272e-09]]\n",
      "Eigenvectors [[-9.99999997e-01  0.00000000e+00  0.00000000e+00  7.14464325e-05]\n",
      " [ 0.00000000e+00 -9.99999992e-01  1.25031255e-04  0.00000000e+00]\n",
      " [ 0.00000000e+00  1.25031255e-04  9.99999992e-01  0.00000000e+00]\n",
      " [ 7.14464325e-05  0.00000000e+00  0.00000000e+00  9.99999997e-01]]\n",
      "\n",
      "Eigvalues:  [8.29060927 1.10999088 1.1455597  5.45384015]\n",
      "Eigvecotrs:  [[-1.12146329e-01  9.93691703e-01  2.79037075e-15  2.43027844e-17]\n",
      " [ 3.88334245e-16 -2.01557281e-14  9.81948233e-01  1.89149856e-01]\n",
      " [ 1.12448439e-16  3.90367273e-15 -1.89149856e-01  9.81948233e-01]\n",
      " [-9.93691703e-01 -1.12146329e-01 -1.63664233e-16  1.34427181e-16]]\n",
      "\n",
      "Eigvalues:  [1.11062957 8.29147096 5.4532758  1.14462368]\n",
      "Eigvecotrs:  [[-0.99368409  0.1122138   0.          0.        ]\n",
      " [ 0.          0.          0.18925568 -0.98192784]\n",
      " [ 0.          0.          0.98192784  0.18925568]\n",
      " [ 0.1122138   0.99368409  0.          0.        ]]\n",
      "\n",
      "Eigvalues:  [1.11126819 8.29233271 5.45271154 1.14368756]\n",
      "Eigvecotrs:  [[-0.99367647  0.11228126  0.          0.        ]\n",
      " [ 0.          0.          0.18936148 -0.98190744]\n",
      " [ 0.          0.          0.98190744  0.18936148]\n",
      " [ 0.11228126  0.99367647  0.          0.        ]]\n",
      "\n",
      "Eigvalues:  [1.11190674 8.29319453 5.45214739 1.14275134]\n",
      "Eigvecotrs:  [[-0.99366884  0.11234872  0.          0.        ]\n",
      " [ 0.          0.          0.18946726 -0.98188704]\n",
      " [ 0.          0.          0.98188704  0.18946726]\n",
      " [ 0.11234872  0.99366884  0.          0.        ]]\n",
      "\n",
      "Eigvalues:  [8.29405642 1.11254523 1.14181502 5.45158333]\n",
      "Eigvecotrs:  [[-1.12416168e-01  9.93661212e-01  3.39850552e-15  2.43916164e-17]\n",
      " [ 3.88054090e-16 -2.44621237e-14  9.81866625e-01  1.89573022e-01]\n",
      " [ 1.12422342e-16  4.74419771e-15 -1.89573022e-01  9.81866625e-01]\n",
      " [-9.93661212e-01 -1.12416168e-01 -2.33604815e-16  1.34362323e-16]]\n",
      "\n",
      "Eigvalues:  [1.11318366 8.29491837 5.45101937 1.1408786 ]\n",
      "Eigvecotrs:  [[-0.99365358  0.11248362  0.          0.        ]\n",
      " [ 0.          0.          0.18967876 -0.9818462 ]\n",
      " [ 0.          0.          0.9818462   0.18967876]\n",
      " [ 0.11248362  0.99365358  0.          0.        ]]\n",
      "\n",
      "Eigvalues:  [1.11382201 8.29578039 5.45045552 1.13994208]\n",
      "Eigvecotrs:  [[-0.99364594  0.11255106  0.          0.        ]\n",
      " [ 0.          0.          0.18978448 -0.98182577]\n",
      " [ 0.          0.          0.98182577  0.18978448]\n",
      " [ 0.11255106  0.99364594  0.          0.        ]]\n",
      "\n",
      "Eigvalues:  [1.1144603  8.29664247 5.44989176 1.13900546]\n",
      "Eigvecotrs:  [[-0.9936383   0.1126185   0.          0.        ]\n",
      " [ 0.          0.          0.18989018 -0.98180534]\n",
      " [ 0.          0.          0.98180534  0.18989018]\n",
      " [ 0.1126185   0.9936383   0.          0.        ]]\n",
      "\n",
      "Eigvalues:  [1.11509853 8.29750462 5.44932811 1.13806874]\n",
      "Eigvecotrs:  [[-0.99363066  0.11268593  0.          0.        ]\n",
      " [ 0.          0.          0.18999586 -0.98178489]\n",
      " [ 0.          0.          0.98178489  0.18999586]\n",
      " [ 0.11268593  0.99363066  0.          0.        ]]\n",
      "\n",
      "Eigvalues:  [1.11573669 8.29836684 5.44876455 1.13713192]\n",
      "Eigvecotrs:  [[-0.99362301  0.11275336  0.          0.        ]\n",
      " [ 0.          0.          0.19010152 -0.98176444]\n",
      " [ 0.          0.          0.98176444  0.19010152]\n",
      " [ 0.11275336  0.99362301  0.          0.        ]]\n",
      "\n",
      "Eigvalues:  [1.11637478 8.29922912 5.4482011  1.136195  ]\n",
      "Eigvecotrs:  [[-0.99361535  0.11282078  0.          0.        ]\n",
      " [ 0.          0.          0.19020716 -0.98174398]\n",
      " [ 0.          0.          0.98174398  0.19020716]\n",
      " [ 0.11282078  0.99361535  0.          0.        ]]\n",
      "\n",
      "Eigvalues:  [1.1170128  8.30009147 5.44763774 1.13525798]\n",
      "Eigvecotrs:  [[-0.9936077   0.1128882   0.          0.        ]\n",
      " [ 0.          0.          0.19031278 -0.98172351]\n",
      " [ 0.          0.          0.98172351  0.19031278]\n",
      " [ 0.1128882   0.9936077   0.          0.        ]]\n",
      "\n",
      "Eigvalues:  [1.11765076 8.30095389 5.44707448 1.13432087]\n",
      "Eigvecotrs:  [[-0.99360003  0.11295562  0.          0.        ]\n",
      " [ 0.          0.          0.19041837 -0.98170303]\n",
      " [ 0.          0.          0.98170303  0.19041837]\n",
      " [ 0.11295562  0.99360003  0.          0.        ]]\n",
      "\n",
      "Eigvalues:  [1.11828866 8.30181637 5.44651133 1.13338365]\n",
      "Eigvecotrs:  [[-0.99359237  0.11302303  0.          0.        ]\n",
      " [ 0.          0.          0.19052395 -0.98168255]\n",
      " [ 0.          0.          0.98168255  0.19052395]\n",
      " [ 0.11302303  0.99359237  0.          0.        ]]\n",
      "\n",
      "Eigvalues:  [1.11892649 8.30267892 5.44594827 1.13244633]\n",
      "Eigvecotrs:  [[-0.9935847   0.11309043  0.          0.        ]\n",
      " [ 0.          0.          0.1906295  -0.98166206]\n",
      " [ 0.          0.          0.98166206  0.1906295 ]\n",
      " [ 0.11309043  0.9935847   0.          0.        ]]\n",
      "\n",
      "Eigvalues:  [8.30354153 1.11956425 1.13150891 5.44538531]\n",
      "Eigvecotrs:  [[-1.13157834e-01  9.93577025e-01  8.37884794e-15  2.46365082e-17]\n",
      " [ 3.87285976e-16 -5.97351516e-14  9.81641556e-01  1.90735040e-01]\n",
      " [ 1.12349791e-16  1.16280326e-14 -1.90735040e-01  9.81641556e-01]\n",
      " [-9.93577025e-01 -1.13157834e-01 -8.04404269e-16  1.34181828e-16]]\n",
      "\n",
      "Eigvalues:  [1.12020194 8.30440421 5.44482245 1.13057139]\n",
      "Eigvecotrs:  [[-0.99356935  0.11322523  0.          0.        ]\n",
      " [ 0.          0.          0.19084056 -0.98162105]\n",
      " [ 0.          0.          0.98162105  0.19084056]\n",
      " [ 0.11322523  0.99356935  0.          0.        ]]\n",
      "\n",
      "Eigvalues:  [8.30526696 1.12083957 1.12963378 5.4442597 ]\n",
      "Eigvecotrs:  [[-1.13292621e-01  9.93561665e-01  1.13930071e-14  2.46811292e-17]\n",
      " [ 3.87146682e-16 -8.10839857e-14  9.81600533e-01  1.90946050e-01]\n",
      " [ 1.12336477e-16  1.57942760e-14 -1.90946050e-01  9.81600533e-01]\n",
      " [-9.93561665e-01 -1.13292621e-01 -1.14943583e-15  1.34148677e-16]]\n",
      "\n",
      "Eigvalues:  [8.30612977 1.12147713 1.12869606 5.44369704]\n",
      "Eigvecotrs:  [[-1.13360008e-01  9.93553979e-01  1.38867358e-14  2.47034507e-17]\n",
      " [ 3.87077077e-16 -9.87468572e-14  9.81580010e-01  1.91051523e-01]\n",
      " [ 1.12329807e-16  1.92411776e-14 -1.91051523e-01  9.81580010e-01]\n",
      " [-9.93553979e-01 -1.13360008e-01 -1.43483434e-15  1.34132063e-16]]\n",
      "\n",
      "Eigvalues:  [1.12211463 8.30699265 5.44313448 1.12775824]\n",
      "Eigvecotrs:  [[-0.99354629  0.11342739  0.          0.        ]\n",
      " [ 0.          0.          0.19115698 -0.98155948]\n",
      " [ 0.          0.          0.98155948  0.19115698]\n",
      " [ 0.11342739  0.99354629  0.          0.        ]]\n",
      "\n",
      "Eigvalues:  [1.12275206 8.30785559 5.44257202 1.12682033]\n",
      "Eigvecotrs:  [[-0.99353859  0.11349477  0.          0.        ]\n",
      " [ 0.          0.          0.19126241 -0.98153894]\n",
      " [ 0.          0.          0.98153894  0.19126241]\n",
      " [ 0.11349477  0.99353859  0.          0.        ]]\n",
      "\n",
      "Eigvalues:  [1.12338943 8.3087186  5.44200966 1.12588231]\n",
      "Eigvecotrs:  [[-0.9935309   0.11356214  0.          0.        ]\n",
      " [ 0.          0.          0.19136782 -0.98151839]\n",
      " [ 0.          0.          0.98151839  0.19136782]\n",
      " [ 0.11356214  0.9935309   0.          0.        ]]\n",
      "\n",
      "Eigvalues:  [1.12402673 8.30958168 5.4414474  1.1249442 ]\n",
      "Eigvecotrs:  [[-0.99352319  0.11362951  0.          0.        ]\n",
      " [ 0.          0.          0.19147321 -0.98149784]\n",
      " [ 0.          0.          0.98149784  0.19147321]\n",
      " [ 0.11362951  0.99352319  0.          0.        ]]\n",
      "\n",
      "Eigvalues:  [8.31044482 1.12466396 1.12400598 5.44088524]\n",
      "Eigvecotrs:  [[-1.13696868e-01  9.93515487e-01 -1.52772031e-13  2.48151684e-17]\n",
      " [ 3.86729466e-16  1.08170165e-12  9.81477277e-01  1.91578584e-01]\n",
      " [ 1.12296316e-16 -2.11120303e-13 -1.91578584e-01  9.81477277e-01]\n",
      " [-9.93515487e-01 -1.13696868e-01  1.76321876e-14  1.34048612e-16]]\n",
      "\n",
      "Eigvalues:  [8.31130803 1.12530113 1.12306767 5.44032318]\n",
      "Eigvecotrs:  [[-1.13764226e-01  9.93507776e-01 -4.50311172e-14  2.48375340e-17]\n",
      " [ 3.86660027e-16  3.18570957e-13  9.81456708e-01  1.91683935e-01]\n",
      " [ 1.12289590e-16 -6.21971683e-14 -1.91683935e-01  9.81456708e-01]\n",
      " [-9.93507776e-01 -1.13764226e-01  5.30543129e-15  1.34031845e-16]]\n",
      "\n",
      "Eigvalues:  [1.12593823 8.3121713  5.43976122 1.12212925]\n",
      "Eigvecotrs:  [[-0.99350006  0.11383158  0.          0.        ]\n",
      " [ 0.          0.          0.19178926 -0.98143613]\n",
      " [ 0.          0.          0.98143613  0.19178926]\n",
      " [ 0.11383158  0.99350006  0.          0.        ]]\n",
      "\n",
      "Eigvalues:  [8.31303464 1.12657526 1.12119074 5.43919936]\n",
      "Eigvecotrs:  [[-1.13898927e-01  9.93492342e-01 -1.86987752e-14  2.48822872e-17]\n",
      " [ 3.86521232e-16  1.32058985e-13  9.81415545e-01  1.91894574e-01]\n",
      " [ 1.12276112e-16 -2.57997408e-14 -1.91894574e-01  9.81415545e-01]\n",
      " [-9.93492342e-01 -1.13898927e-01  2.29256099e-15  1.33998237e-16]]\n",
      "\n",
      "Eigvalues:  [1.12721223 8.31389805 5.4386376  1.12025213]\n",
      "Eigvecotrs:  [[-0.99348462  0.11396627  0.          0.        ]\n",
      " [ 0.          0.          0.19199986 -0.98139495]\n",
      " [ 0.          0.          0.98139495  0.19199986]\n",
      " [ 0.11396627  0.99348462  0.          0.        ]]\n",
      "\n",
      "Eigvalues:  [1.12784913 8.31476152 5.43807593 1.11931341]\n",
      "Eigvecotrs:  [[-0.99347689  0.11403361  0.          0.        ]\n",
      " [ 0.          0.          0.19210513 -0.98137435]\n",
      " [ 0.          0.          0.98137435  0.19210513]\n",
      " [ 0.11403361  0.99347689  0.          0.        ]]\n",
      "\n",
      "Eigvalues:  [1.12848597 8.31562506 5.43751437 1.1183746 ]\n",
      "Eigvecotrs:  [[-0.99346916  0.11410094  0.          0.        ]\n",
      " [ 0.          0.          0.19221038 -0.98135374]\n",
      " [ 0.          0.          0.98135374  0.19221038]\n",
      " [ 0.11410094  0.99346916  0.          0.        ]]\n",
      "\n",
      "Eigvalues:  [8.31648866 1.12912274 1.11743569 5.4369529 ]\n",
      "Eigvecotrs:  [[-1.14168273e-01  9.93461426e-01 -8.63355813e-15  2.49718820e-17]\n",
      " [ 3.86243973e-16  6.07678790e-14  9.81333128e-01  1.92315606e-01]\n",
      " [ 1.12249046e-16 -1.18873153e-14 -1.92315606e-01  9.81333128e-01]\n",
      " [-9.93461426e-01 -1.14168273e-01  1.14063700e-15  1.33930717e-16]]\n",
      "\n",
      "Eigvalues:  [1.12975944 8.31735233 5.43639154 1.11649668]\n",
      "Eigvecotrs:  [[-0.99345369  0.1142356   0.          0.        ]\n",
      " [ 0.          0.          0.19242081 -0.9813125 ]\n",
      " [ 0.          0.          0.9813125   0.19242081]\n",
      " [ 0.1142356   0.99345369  0.          0.        ]]\n",
      "\n",
      "Eigvalues:  [1.13039608 8.31821607 5.43583027 1.11555757]\n",
      "Eigvecotrs:  [[-0.99344594  0.11430292  0.          0.        ]\n",
      " [ 0.          0.          0.192526   -0.98129187]\n",
      " [ 0.          0.          0.98129187  0.192526  ]\n",
      " [ 0.11430292  0.99344594  0.          0.        ]]\n",
      "\n",
      "Eigvalues:  [1.13103265 8.31907987 5.43526911 1.11461836]\n",
      "Eigvecotrs:  [[-0.9934382   0.11437023  0.          0.        ]\n",
      " [ 0.          0.          0.19263116 -0.98127123]\n",
      " [ 0.          0.          0.98127123  0.19263116]\n",
      " [ 0.11437023  0.9934382   0.          0.        ]]\n",
      "\n",
      "Eigvalues:  [1.13166916 8.31994374 5.43470804 1.11367906]\n",
      "Eigvecotrs:  [[-0.99343044  0.11443754  0.          0.        ]\n",
      " [ 0.          0.          0.19273631 -0.98125059]\n",
      " [ 0.          0.          0.98125059  0.19273631]\n",
      " [ 0.11443754  0.99343044  0.          0.        ]]\n",
      "\n",
      "Eigvalues:  [1.1323056  8.32080768 5.43414707 1.11273965]\n",
      "Eigvecotrs:  [[-0.99342269  0.11450485  0.          0.        ]\n",
      " [ 0.          0.          0.19284143 -0.98122993]\n",
      " [ 0.          0.          0.98122993  0.19284143]\n",
      " [ 0.11450485  0.99342269  0.          0.        ]]\n",
      "\n",
      "Eigvalues:  [1.13294197 8.32167168 5.4335862  1.11180014]\n",
      "Eigvecotrs:  [[-0.99341493  0.11457215  0.          0.        ]\n",
      " [ 0.          0.          0.19294653 -0.98120927]\n",
      " [ 0.          0.          0.98120927  0.19294653]\n",
      " [ 0.11457215  0.99341493  0.          0.        ]]\n",
      "\n",
      "Eigvalues:  [1.13357828 8.32253575 5.43302543 1.11086054]\n",
      "Eigvecotrs:  [[-0.99340717  0.11463944  0.          0.        ]\n",
      " [ 0.          0.          0.19305162 -0.9811886 ]\n",
      " [ 0.          0.          0.9811886   0.19305162]\n",
      " [ 0.11463944  0.99340717  0.          0.        ]]\n",
      "\n",
      "Eigvalues:  [1.13421453 8.32339988 5.43246476 1.10992083]\n",
      "Eigvecotrs:  [[-0.9933994   0.11470673  0.          0.        ]\n",
      " [ 0.          0.          0.19315668 -0.98116793]\n",
      " [ 0.          0.          0.98116793  0.19315668]\n",
      " [ 0.11470673  0.9933994   0.          0.        ]]\n",
      "\n",
      "Eigvalues:  [1.1348507  8.32426408 5.43190419 1.10898103]\n",
      "Eigvecotrs:  [[-0.99339163  0.11477402  0.          0.        ]\n",
      " [ 0.          0.          0.19326172 -0.98114724]\n",
      " [ 0.          0.          0.98114724  0.19326172]\n",
      " [ 0.11477402  0.99339163  0.          0.        ]]\n",
      "\n",
      "Eigvalues:  [1.13548681 8.32512834 5.43134372 1.10804113]\n",
      "Eigvecotrs:  [[-0.99338385  0.1148413   0.          0.        ]\n",
      " [ 0.          0.          0.19336674 -0.98112655]\n",
      " [ 0.          0.          0.98112655  0.19336674]\n",
      " [ 0.1148413   0.99338385  0.          0.        ]]\n",
      "\n",
      "Eigvalues:  [1.13612286 8.32599267 5.43078335 1.10710113]\n",
      "Eigvecotrs:  [[-0.99337607  0.11490858  0.          0.        ]\n",
      " [ 0.          0.          0.19347174 -0.98110585]\n",
      " [ 0.          0.          0.98110585  0.19347174]\n",
      " [ 0.11490858  0.99337607  0.          0.        ]]\n",
      "\n",
      "Eigvalues:  [1.13675884 8.32685707 5.43022307 1.10616102]\n",
      "Eigvecotrs:  [[-0.99336829  0.11497585  0.          0.        ]\n",
      " [ 0.          0.          0.19357672 -0.98108514]\n",
      " [ 0.          0.          0.98108514  0.19357672]\n",
      " [ 0.11497585  0.99336829  0.          0.        ]]\n",
      "\n",
      "Eigvalues:  [1.13739475 8.32772153 5.4296629  1.10522082]\n",
      "Eigvecotrs:  [[-0.9933605   0.11504312  0.          0.        ]\n",
      " [ 0.          0.          0.19368168 -0.98106443]\n",
      " [ 0.          0.          0.98106443  0.19368168]\n",
      " [ 0.11504312  0.9933605   0.          0.        ]]\n",
      "\n",
      "Eigvalues:  [8.32858606 1.1380306  1.10428053 5.42910282]\n",
      "Eigvecotrs:  [[-1.15110379e-01  9.93352707e-01 -3.01190301e-15  2.52863922e-17]\n",
      " [ 3.85277028e-16  2.09531355e-14  9.81043703e-01  1.93786618e-01]\n",
      " [ 1.12153193e-16 -4.11708000e-15 -1.93786618e-01  9.81043703e-01]\n",
      " [-9.93352707e-01 -1.15110379e-01  4.96207050e-16  1.33691250e-16]]\n",
      "\n",
      "Eigvalues:  [1.13866638 8.32945065 5.42854284 1.10334013]\n",
      "Eigvecotrs:  [[-0.99334491  0.11517764  0.          0.        ]\n",
      " [ 0.          0.          0.19389154 -0.98102297]\n",
      " [ 0.          0.          0.98102297  0.19389154]\n",
      " [ 0.11517764  0.99334491  0.          0.        ]]\n",
      "\n",
      "Eigvalues:  [8.33031531 1.13930209 1.10239963 5.42798296]\n",
      "Eigvecotrs:  [[-1.15244889e-01  9.93337111e-01 -2.75749258e-15  2.53314404e-17]\n",
      " [ 3.85139331e-16  1.91516459e-14  9.81002235e-01  1.93996432e-01]\n",
      " [ 1.12139360e-16 -3.76545483e-15 -1.93996432e-01  9.81002235e-01]\n",
      " [-9.93337111e-01 -1.15244889e-01  4.66921198e-16  1.33656644e-16]]\n",
      "\n",
      "Eigvalues:  [1.13993774 8.33118004 5.42742318 1.10145904]\n",
      "Eigvecotrs:  [[-0.99332931  0.11531214  0.          0.        ]\n",
      " [ 0.          0.          0.19410131 -0.98098149]\n",
      " [ 0.          0.          0.98098149  0.19410131]\n",
      " [ 0.11531214  0.99332931  0.          0.        ]]\n",
      "\n",
      "Eigvalues:  [8.33204483 1.14057332 1.10051834 5.4268635 ]\n",
      "Eigvecotrs:  [[-1.15379380e-01  9.93321498e-01 -2.54311279e-15  2.53765181e-17]\n",
      " [ 3.85001742e-16  1.76336935e-14  9.80960736e-01  1.94206164e-01]\n",
      " [ 1.12125492e-16 -3.46916137e-15 -1.94206164e-01  9.80960736e-01]\n",
      " [-9.93321498e-01 -1.15379380e-01  4.42215408e-16  1.33621940e-16]]\n",
      "\n",
      "Eigvalues:  [1.14120884 8.33290969 5.42630392 1.09957755]\n",
      "Eigvecotrs:  [[-0.99331369  0.11544662  0.          0.        ]\n",
      " [ 0.          0.          0.194311   -0.98093998]\n",
      " [ 0.          0.          0.98093998  0.194311  ]\n",
      " [ 0.11544662  0.99331369  0.          0.        ]]\n",
      "\n",
      "Eigvalues:  [1.14184429 8.33377461 5.42574444 1.09863666]\n",
      "Eigvecotrs:  [[-0.99330587  0.11551385  0.          0.        ]\n",
      " [ 0.          0.          0.19441581 -0.98091921]\n",
      " [ 0.          0.          0.98091921  0.19441581]\n",
      " [ 0.11551385  0.99330587  0.          0.        ]]\n",
      "\n",
      "Eigvalues:  [1.14247968 8.3346396  5.42518505 1.09769567]\n",
      "Eigvecotrs:  [[-0.99329805  0.11558108  0.          0.        ]\n",
      " [ 0.          0.          0.19452061 -0.98089843]\n",
      " [ 0.          0.          0.98089843  0.19452061]\n",
      " [ 0.11558108  0.99329805  0.          0.        ]]\n",
      "\n",
      "Eigvalues:  [1.143115   8.33550466 5.42462577 1.09675458]\n",
      "Eigvecotrs:  [[-0.99329022  0.1156483   0.          0.        ]\n",
      " [ 0.          0.          0.19462538 -0.98087765]\n",
      " [ 0.          0.          0.98087765  0.19462538]\n",
      " [ 0.1156483   0.99329022  0.          0.        ]]\n",
      "\n",
      "Eigvalues:  [1.14375025 8.33636978 5.42406658 1.09581339]\n",
      "Eigvecotrs:  [[-0.9932824   0.11571552  0.          0.        ]\n",
      " [ 0.          0.          0.19473013 -0.98085686]\n",
      " [ 0.          0.          0.98085686  0.19473013]\n",
      " [ 0.11571552  0.9932824   0.          0.        ]]\n",
      "\n",
      "Eigvalues:  [1.14438544 8.33723497 5.42350749 1.0948721 ]\n",
      "Eigvecotrs:  [[-0.99327456  0.11578274  0.          0.        ]\n",
      " [ 0.          0.          0.19483486 -0.98083606]\n",
      " [ 0.          0.          0.98083606  0.19483486]\n",
      " [ 0.11578274  0.99327456  0.          0.        ]]\n",
      "\n",
      "Eigvalues:  [8.33810022 1.14502056 1.09393071 5.4229485 ]\n",
      "Eigvecotrs:  [[-1.15849945e-01  9.93266727e-01 -2.00105682e-15  2.55345236e-17]\n",
      " [ 3.84521037e-16  1.37960592e-14  9.80815254e-01  1.94939572e-01]\n",
      " [ 1.12076685e-16 -2.72001659e-15 -1.94939572e-01  9.80815254e-01]\n",
      " [-9.93266727e-01 -1.15849945e-01  3.79574895e-16  1.33499705e-16]]\n",
      "\n",
      "Eigvalues:  [8.33896554 1.14565561 1.09298923 5.42238961]\n",
      "Eigvecotrs:  [[-1.15917149e-01  9.93258886e-01 -1.94215347e-15  2.55571254e-17]\n",
      " [ 3.84452473e-16  1.33790962e-14  9.80794441e-01  1.95044261e-01]\n",
      " [ 1.12069679e-16 -2.63861313e-15 -1.95044261e-01  9.80794441e-01]\n",
      " [-9.93258886e-01 -1.15917149e-01  3.72746785e-16  1.33482145e-16]]\n",
      "\n",
      "Eigvalues:  [1.14629061 8.33983093 5.42183082 1.09204765]\n",
      "Eigvecotrs:  [[-0.99325104  0.11598435  0.          0.        ]\n",
      " [ 0.          0.          0.19514893 -0.98077362]\n",
      " [ 0.          0.          0.98077362  0.19514893]\n",
      " [ 0.11598435  0.99325104  0.          0.        ]]\n",
      "\n",
      "Eigvalues:  [8.34069638 1.14692553 1.09110597 5.42127213]\n",
      "Eigvecotrs:  [[-1.16051544e-01  9.93243192e-01 -1.83432210e-15  2.56023514e-17]\n",
      " [ 3.84315427e-16  1.26158253e-14  9.80752793e-01  1.95253579e-01]\n",
      " [ 1.12055641e-16 -2.48959446e-15 -1.95253579e-01  9.80752793e-01]\n",
      " [-9.93243192e-01 -1.16051544e-01  3.60231956e-16  1.33446953e-16]]\n",
      "\n",
      "Eigvalues:  [1.14756039 8.34156189 5.42071353 1.09016419]\n",
      "Eigvecotrs:  [[-0.99323534  0.11611873  0.          0.        ]\n",
      " [ 0.          0.          0.19535821 -0.98073196]\n",
      " [ 0.          0.          0.98073196  0.19535821]\n",
      " [ 0.11611873  0.99323534  0.          0.        ]]\n",
      "\n",
      "Eigvalues:  [1.14819518 8.34242748 5.42015504 1.08922231]\n",
      "Eigvecotrs:  [[-0.99322748  0.11618592  0.          0.        ]\n",
      " [ 0.          0.          0.19546281 -0.98071111]\n",
      " [ 0.          0.          0.98071111  0.19546281]\n",
      " [ 0.11618592  0.99322748  0.          0.        ]]\n",
      "\n",
      "Eigvalues:  [1.14882991 8.34329312 5.41959664 1.08828033]\n",
      "Eigvecotrs:  [[-0.99321962  0.1162531   0.          0.        ]\n",
      " [ 0.          0.          0.1955674  -0.98069026]\n",
      " [ 0.          0.          0.98069026  0.1955674 ]\n",
      " [ 0.1162531   0.99321962  0.          0.        ]]\n",
      "\n",
      "Eigvalues:  [8.34415884 1.14946457 1.08733825 5.41903834]\n",
      "Eigvecotrs:  [[-1.16320274e-01  9.93211757e-01 -1.65147484e-15  2.56928925e-17]\n",
      " [ 3.84041658e-16  1.13217146e-14  9.80669405e-01  1.95671964e-01]\n",
      " [ 1.12027465e-16 -2.23691577e-15 -1.95671964e-01  9.80669405e-01]\n",
      " [-9.93211757e-01 -1.16320274e-01  3.38957163e-16  1.33376279e-16]]\n",
      "\n",
      "Eigvalues:  [1.15009916 8.34502462 5.41848014 1.08639608]\n",
      "Eigvecotrs:  [[-0.99320389  0.11638744  0.          0.        ]\n",
      " [ 0.          0.          0.19577651 -0.98064854]\n",
      " [ 0.          0.          0.98064854  0.19577651]\n",
      " [ 0.11638744  0.99320389  0.          0.        ]]\n",
      "\n",
      "Eigvalues:  [1.15073369 8.34589046 5.41792204 1.08545381]\n",
      "Eigvecotrs:  [[-0.99319601  0.11645461  0.          0.        ]\n",
      " [ 0.          0.          0.19588103 -0.98062767]\n",
      " [ 0.          0.          0.98062767  0.19588103]\n",
      " [ 0.11645461  0.99319601  0.          0.        ]]\n",
      "\n",
      "Eigvalues:  [1.15136816 8.34675638 5.41736403 1.08451144]\n",
      "Eigvecotrs:  [[-0.99318814  0.11652177  0.          0.        ]\n",
      " [ 0.          0.          0.19598554 -0.98060679]\n",
      " [ 0.          0.          0.98060679  0.19598554]\n",
      " [ 0.11652177  0.99318814  0.          0.        ]]\n",
      "\n",
      "Eigvalues:  [1.15200255 8.34762235 5.41680613 1.08356897]\n",
      "Eigvecotrs:  [[-0.99318026  0.11658893  0.          0.        ]\n",
      " [ 0.          0.          0.19609002 -0.9805859 ]\n",
      " [ 0.          0.          0.9805859   0.19609002]\n",
      " [ 0.11658893  0.99318026  0.          0.        ]]\n",
      "\n",
      "Eigvalues:  [8.3484884  1.15263689 1.0826264  5.41624832]\n",
      "Eigvecotrs:  [[-1.16656077e-01  9.93172372e-01 -1.46920725e-15  2.58062360e-17]\n",
      " [ 3.83700051e-16  1.00319563e-14  9.80565004e-01  1.96194479e-01]\n",
      " [ 1.11992059e-16 -1.98505300e-15 -1.96194479e-01  9.80565004e-01]\n",
      " [-9.93172372e-01 -1.16656077e-01  3.17660707e-16  1.33287395e-16]]\n",
      "\n",
      "Eigvalues:  [1.15327115 8.34935451 5.41569061 1.08168373]\n",
      "Eigvecotrs:  [[-0.99316448  0.11672322  0.          0.        ]\n",
      " [ 0.          0.          0.19629892 -0.9805441 ]\n",
      " [ 0.          0.          0.9805441   0.19629892]\n",
      " [ 0.11672322  0.99316448  0.          0.        ]]\n",
      "\n",
      "Eigvalues:  [1.15390535 8.35022068 5.415133   1.08074097]\n",
      "Eigvecotrs:  [[-0.99315659  0.11679036  0.          0.        ]\n",
      " [ 0.          0.          0.19640334 -0.98052319]\n",
      " [ 0.          0.          0.98052319  0.19640334]\n",
      " [ 0.11679036  0.99315659  0.          0.        ]]\n",
      "\n",
      "Eigvalues:  [8.35108692 1.15453949 1.0797981  5.41457549]\n",
      "Eigvecotrs:  [[-1.16857501e-01  9.93148692e-01 -1.37828751e-15  2.58743314e-17]\n",
      " [ 3.83495410e-16  9.38871612e-15  9.80502274e-01  1.96507739e-01]\n",
      " [ 1.11970716e-16 -1.85942482e-15 -1.96507739e-01  9.80502274e-01]\n",
      " [-9.93148692e-01 -1.16857501e-01  3.06993085e-16  1.33233777e-16]]\n",
      "\n",
      "Eigvalues:  [1.15517355 8.35195323 5.41401807 1.07885514]\n",
      "Eigvecotrs:  [[-0.99314079  0.11692463  0.          0.        ]\n",
      " [ 0.          0.          0.19661212 -0.98048135]\n",
      " [ 0.          0.          0.98048135  0.19661212]\n",
      " [ 0.11692463  0.99314079  0.          0.        ]]\n",
      "\n",
      "Eigvalues:  [8.3528196  1.15580756 1.07791208 5.41346076]\n",
      "Eigvecotrs:  [[-1.16991759e-01  9.93132885e-01 -1.32380318e-15  2.59197656e-17]\n",
      " [ 3.83359116e-16  9.00329931e-15  9.80460417e-01  1.96716475e-01]\n",
      " [ 1.11956447e-16 -1.78414417e-15 -1.96716475e-01  9.80460417e-01]\n",
      " [-9.93132885e-01 -1.16991759e-01  3.00582720e-16  1.33197913e-16]]\n",
      "\n",
      "Eigvalues:  [1.1564415  8.35368604 5.41290354 1.07696893]\n",
      "Eigvecotrs:  [[-0.99312498  0.11705888  0.          0.        ]\n",
      " [ 0.          0.          0.19682081 -0.98043948]\n",
      " [ 0.          0.          0.98043948  0.19682081]\n",
      " [ 0.11705888  0.99312498  0.          0.        ]]\n",
      "\n",
      "Eigvalues:  [1.15707537 8.35455254 5.41234642 1.07602567]\n",
      "Eigvecotrs:  [[-0.99311706  0.117126    0.          0.        ]\n",
      " [ 0.          0.          0.19692513 -0.98041853]\n",
      " [ 0.          0.          0.98041853  0.19692513]\n",
      " [ 0.117126    0.99311706  0.          0.        ]]\n",
      "\n",
      "Eigvalues:  [8.35541911 1.15770917 1.07508232 5.4117894 ]\n",
      "Eigvecotrs:  [[-1.17193110e-01  9.93109146e-01 -1.24986688e-15  2.59879728e-17]\n",
      " [ 3.83154875e-16  8.48035106e-15  9.80397576e-01  1.97029423e-01]\n",
      " [ 1.11934983e-16 -1.68199105e-15 -1.97029423e-01  9.80397576e-01]\n",
      " [-9.93109146e-01 -1.17193110e-01  2.91858720e-16  1.33143938e-16]]\n",
      "\n",
      "Eigvalues:  [1.15834291 8.35628574 5.41123248 1.07413886]\n",
      "Eigvecotrs:  [[-0.99310122  0.11726022  0.          0.        ]\n",
      " [ 0.          0.          0.1971337  -0.98037661]\n",
      " [ 0.          0.          0.98037661  0.1971337 ]\n",
      " [ 0.11726022  0.99310122  0.          0.        ]]\n",
      "\n",
      "Eigvalues:  [1.15897659 8.35715245 5.41067565 1.07319531]\n",
      "Eigvecotrs:  [[-0.9930933   0.11732732  0.          0.        ]\n",
      " [ 0.          0.          0.19723795 -0.98035565]\n",
      " [ 0.          0.          0.98035565  0.19723795]\n",
      " [ 0.11732732  0.9930933   0.          0.        ]]\n",
      "\n",
      "Eigvalues:  [1.1596102  8.35801921 5.41011893 1.07225167]\n",
      "Eigvecotrs:  [[-0.99308537  0.11739442  0.          0.        ]\n",
      " [ 0.          0.          0.19734218 -0.98033467]\n",
      " [ 0.          0.          0.98033467  0.19734218]\n",
      " [ 0.11739442  0.99308537  0.          0.        ]]\n",
      "\n",
      "Eigvalues:  [1.16024374 8.35888604 5.4095623  1.07130792]\n",
      "Eigvecotrs:  [[-0.99307744  0.11746151  0.          0.        ]\n",
      " [ 0.          0.          0.19744639 -0.98031369]\n",
      " [ 0.          0.          0.98031369  0.19744639]\n",
      " [ 0.11746151  0.99307744  0.          0.        ]]\n",
      "[[ 3.   0.   0.   2. ]\n",
      " [ 0.  -0.5  2.   0. ]\n",
      " [ 0.   2.   3.5  0. ]\n",
      " [ 2.   0.   0.  10. ]]\n",
      "[[1. 0. 0. 0.]\n",
      " [0. 1. 0. 0.]]\n"
     ]
    },
    {
     "data": {
